0.000000 0.000000
0.030030 0.031442
0.060060 0.062853
0.090090 0.094202
0.120120 0.125458
0.150150 0.156590
0.180180 0.187567
0.210210 0.218358
0.240240 0.248934
0.270270 0.279263
0.300300 0.309316
0.330330 0.339063
0.360360 0.368475
0.390390 0.397523
0.420420 0.426178
0.450450 0.454411
0.480480 0.482195
0.510511 0.509502
0.540541 0.536305
0.570571 0.562577
0.600601 0.588294
0.630631 0.613429
0.660661 0.637957
0.690691 0.661854
0.720721 0.685097
0.750751 0.707662
0.780781 0.729528
0.810811 0.750672
0.840841 0.771074
0.870871 0.790714
0.900901 0.809571
0.930931 0.827628
0.960961 0.844867
0.990991 0.861270
1.021021 0.876821
1.051051 0.891506
1.081081 0.905308
1.111111 0.918216
1.141141 0.930216
1.171171 0.941296
1.201201 0.951444
1.231231 0.960653
1.261261 0.968911
1.291291 0.976211
1.321321 0.982546
1.351351 0.987909
1.381381 0.992295
1.411411 0.995700
1.441441 0.998120
1.471471 0.999554
1.501502 0.999999
1.531532 0.999455
1.561562 0.997923
1.591592 0.995404
1.621622 0.991900
1.651652 0.987416
1.681682 0.981956
1.711712 0.975524
1.741742 0.968128
1.771772 0.959774
1.801802 0.950472
1.831832 0.940229
1.861862 0.929057
1.891892 0.916966
1.921922 0.903968
1.951952 0.890077
1.981982 0.875305
2.012012 0.859668
2.042042 0.843180
2.072072 0.825859
2.102102 0.807721
2.132132 0.788785
2.162162 0.769068
2.192192 0.748591
2.222222 0.727374
2.252252 0.705437
2.282282 0.682803
2.312312 0.659494
2.342342 0.635532
2.372372 0.610942
2.402402 0.585748
2.432432 0.559975
2.462462 0.533648
2.492492 0.506793
2.522523 0.479437
2.552553 0.451607
2.582583 0.423331
2.612613 0.394636
2.642643 0.365550
2.672673 0.336103
2.702703 0.306324
2.732733 0.276242
2.762763 0.245887
2.792793 0.215288
2.822823 0.184477
2.852853 0.153483
2.882883 0.122338
2.912913 0.091071
2.942943 0.059714
2.972973 0.028299
3.003003 -0.003145
3.033033 -0.034585
3.063063 -0.065991
3.093093 -0.097333
3.123123 -0.128577
3.153153 -0.159695
3.183183 -0.190655
3.213213 -0.221426
3.243243 -0.251978
3.273273 -0.282281
3.303303 -0.312305
3.333333 -0.342020
3.363363 -0.371397
3.393393 -0.400407
3.423423 -0.429020
3.453453 -0.457210
3.483483 -0.484947
3.513514 -0.512205
3.543544 -0.538956
3.573574 -0.565175
3.603604 -0.590834
3.633634 -0.615909
3.663664 -0.640375
3.693694 -0.664208
3.723724 -0.687384
3.753754 -0.709881
3.783784 -0.731675
3.813814 -0.752746
3.843844 -0.773073
3.873874 -0.792635
3.903904 -0.811413
3.933934 -0.829389
3.963964 -0.846545
3.993994 -0.862864
4.024024 -0.878329
4.054054 -0.892926
4.084084 -0.906640
4.114114 -0.919457
4.144144 -0.931365
4.174174 -0.942352
4.204204 -0.952408
4.234234 -0.961521
4.264264 -0.969684
4.294294 -0.976888
4.324324 -0.983126
4.354354 -0.988391
4.384384 -0.992680
4.414414 -0.995986
4.444444 -0.998308
4.474474 -0.999643
4.504505 -0.999989
4.534535 -0.999346
4.564565 -0.997715
4.594595 -0.995098
4.624625 -0.991496
4.654655 -0.986914
4.684685 -0.981356
4.714715 -0.974828
4.744745 -0.967336
4.774775 -0.958887
4.804805 -0.949490
4.834835 -0.939154
4.864865 -0.927889
4.894895 -0.915707
4.924925 -0.902619
4.954955 -0.888639
4.984985 -0.873780
5.015015 -0.858057
5.045045 -0.841485
5.075075 -0.824082
5.105105 -0.805863
5.135135 -0.786848
5.165165 -0.767054
5.195195 -0.746502
5.225225 -0.725212
5.255255 -0.703205
5.285285 -0.680502
5.315315 -0.657126
5.345345 -0.633101
5.375375 -0.608450
5.405405 -0.583196
5.435435 -0.557367
5.465465 -0.530986
5.495495 -0.504080
5.525526 -0.476675
5.555556 -0.448799
5.585586 -0.420480
5.615616 -0.391744
5.645646 -0.362621
5.675676 -0.333140
5.705706 -0.303329
5.735736 -0.273218
5.765766 -0.242837
5.795796 -0.212216
5.825826 -0.181385
5.855856 -0.150375
5.885886 -0.119216
5.915916 -0.087939
5.945946 -0.056575
5.975976 -0.025155
6.006006 0.006289
6.036036 0.037728
6.066066 0.069129
6.096096 0.100462
6.126126 0.131695
6.156156 0.162799
6.186186 0.193741
6.216216 0.224491
6.246246 0.255020
6.276276 0.285297
6.306306 0.315291
6.336336 0.344974
6.366366 0.374315
6.396396 0.403286
6.426426 0.431859
6.456456 0.460004
6.486486 0.487695
6.516517 0.514903
6.546547 0.541602
6.576577 0.567766
6.606607 0.593368
6.636637 0.618384
6.666667 0.642788
6.696697 0.666556
6.726727 0.689665
6.756757 0.712092
6.786787 0.733815
6.816817 0.754813
6.846847 0.775064
6.876877 0.794548
6.906907 0.813247
6.936937 0.831142
6.966967 0.848215
6.996997 0.864449
7.027027 0.879828
7.057057 0.894337
7.087087 0.907962
7.117117 0.920689
7.147147 0.932506
7.177177 0.943400
7.207207 0.953362
7.237237 0.962381
7.267267 0.970448
7.297297 0.977555
7.327327 0.983696
7.357357 0.988864
7.387387 0.993055
7.417417 0.996263
7.447447 0.998486
7.477477 0.999722
7.507508 0.999969
7.537538 0.999227
7.567568 0.997498
7.597598 0.994782
7.627628 0.991082
7.657658 0.986402
7.687688 0.980747
7.717718 0.974122
7.747748 0.966534
7.777778 0.957990
7.807808 0.948498
7.837838 0.938069
7.867868 0.926712
7.897898 0.914439
7.927928 0.901261
7.957958 0.887192
7.987988 0.872246
8.018018 0.856438
8.048048 0.839782
8.078078 0.822296
8.108108 0.803997
8.138138 0.784903
8.168168 0.765033
8.198198 0.744406
8.228228 0.723043
8.258258 0.700965
8.288288 0.678194
8.318318 0.654753
8.348348 0.630664
8.378378 0.605951
8.408408 0.580639
8.438438 0.554753
8.468468 0.528318
8.498498 0.501361
8.528529 0.473908
8.558559 0.445987
8.588589 0.417624
8.618619 0.388849
8.648649 0.359689
8.678679 0.330173
8.708709 0.300331
8.738739 0.270192
8.768769 0.239785
8.798799 0.209142
8.828829 0.178292
8.858859 0.147265
8.888889 0.116093
8.918919 0.084806
8.948949 0.053435
8.978979 0.022011
9.009009 -0.009434
9.039039 -0.040870
9.069069 -0.072266
9.099099 -0.103590
9.129129 -0.134812
9.159159 -0.165900
9.189189 -0.196825
9.219219 -0.227555
9.249249 -0.258060
9.279279 -0.288309
9.309309 -0.318274
9.339339 -0.347924
9.369369 -0.377229
9.399399 -0.406162
9.429429 -0.434693
9.459459 -0.462794
9.489489 -0.490438
9.519520 -0.517597
9.549550 -0.544243
9.579580 -0.570352
9.609610 -0.595897
9.639640 -0.620852
9.669670 -0.645193
9.699700 -0.668897
9.729730 -0.691939
9.759760 -0.714297
9.789790 -0.735948
9.819820 -0.756872
9.849850 -0.777047
9.879880 -0.796454
9.909910 -0.815073
9.939940 -0.832886
9.969970 -0.849876
10.000000 -0.866025
10.030030 -0.881318
10.060060 -0.895740
10.090090 -0.909275
10.120120 -0.921912
10.150150 -0.933637
10.180180 -0.944438
10.210210 -0.954306
10.240240 -0.963230
10.270270 -0.971202
10.300300 -0.978213
10.330330 -0.984257
10.360360 -0.989327
10.390390 -0.993420
10.420420 -0.996530
10.450450 -0.998654
10.480480 -0.999791
10.510511 -0.999939
10.540541 -0.999099
10.570571 -0.997271
10.600601 -0.994456
10.630631 -0.990658
10.660661 -0.985880
10.690691 -0.980128
10.720721 -0.973406
10.750751 -0.965722
10.780781 -0.957083
10.810811 -0.947497
10.840841 -0.936975
10.870871 -0.925526
10.900901 -0.913161
10.930931 -0.899894
10.960961 -0.885737
10.990991 -0.870704
11.021021 -0.854810
11.051051 -0.838071
11.081081 -0.820503
11.111111 -0.802123
11.141141 -0.782951
11.171171 -0.763004
11.201201 -0.742303
11.231231 -0.720867
11.261261 -0.698719
11.291291 -0.675880
11.321321 -0.652373
11.351351 -0.628220
11.381381 -0.603446
11.411411 -0.578076
11.441441 -0.552134
11.471471 -0.525646
11.501502 -0.498638
11.531532 -0.471137
11.561562 -0.443170
11.591592 -0.414765
11.621622 -0.385950
11.651652 -0.356753
11.681682 -0.327203
11.711712 -0.297330
11.741742 -0.267163
11.771772 -0.236731
11.801802 -0.206066
11.831832 -0.175196
11.861862 -0.144154
11.891892 -0.112969
11.921922 -0.081672
11.951952 -0.050295
11.981982 -0.018867
12.012012 0.012579
12.042042 0.044012
12.072072 0.075402
12.102102 0.106717
12.132132 0.137927
12.162162 0.169001
12.192192 0.199907
12.222222 0.230616
12.252252 0.261097
12.282282 0.291319
12.312312 0.321253
12.342342 0.350870
12.372372 0.380140
12.402402 0.409034
12.432432 0.437523
12.462462 0.465580
12.492492 0.493176
12.522523 0.520285
12.552553 0.546879
12.582583 0.572932
12.612613 0.598419
12.642643 0.623314
12.672673 0.647593
12.702703 0.671231
12.732733 0.694206
12.762763 0.716494
12.792793 0.738074
12.822823 0.758923
12.852853 0.779023
12.882883 0.798352
12.912913 0.816891
12.942943 0.834623
12.972973 0.851529
13.003003 0.867593
13.033033 0.882800
13.063063 0.897133
13.093093 0.910580
13.123123 0.923126
13.153153 0.934759
13.183183 0.945467
13.213213 0.955241
13.243243 0.964070
13.273273 0.971946
13.303303 0.978861
13.333333 0.984808
13.363363 0.989781
13.393393 0.993775
13.423423 0.996786
13.453453 0.998812
13.483483 0.999850
13.513514 0.999900
13.543544 0.998961
13.573574 0.997033
13.603604 0.994120
13.633634 0.990224
13.663664 0.985349
13.693694 0.979499
13.723724 0.972681
13.753754 0.964901
13.783784 0.956167
13.813814 0.946487
13.843844 0.935871
13.873874 0.924330
13.903904 0.911875
13.933934 0.898518
13.963964 0.884273
13.993994 0.869153
14.024024 0.853174
14.054054 0.836351
14.084084 0.818701
14.114114 0.800241
14.144144 0.780990
14.174174 0.760967
14.204204 0.740192
14.234234 0.718684
14.264264 0.696466
14.294294 0.673559
14.324324 0.649986
14.354354 0.625770
14.384384 0.600936
14.414414 0.575507
14.444444 0.549509
14.474474 0.522968
14.504505 0.495909
14.534535 0.468361
14.564565 0.440349
14.594595 0.411901
14.624625 0.383047
14.654655 0.353813
14.684685 0.324230
14.714715 0.294326
14.744745 0.264131
14.774775 0.233675
14.804805 0.202987
14.834835 0.172099
14.864865 0.141041
14.894895 0.109844
14.924925 0.078537
14.954955 0.047154
14.984985 0.015723
15.015015 -0.015723
15.045045 -0.047154
15.075075 -0.078537
15.105105 -0.109844
15.135135 -0.141041
15.165165 -0.172099
15.195195 -0.202987
15.225225 -0.233675
15.255255 -0.264131
15.285285 -0.294326
15.315315 -0.324230
15.345345 -0.353813
15.375375 -0.383047
15.405405 -0.411901
15.435435 -0.440349
15.465465 -0.468361
15.495495 -0.495909
15.525526 -0.522968
15.555556 -0.549509
15.585586 -0.575507
15.615616 -0.600936
15.645646 -0.625770
15.675676 -0.649986
15.705706 -0.673559
15.735736 -0.696466
15.765766 -0.718684
15.795796 -0.740192
15.825826 -0.760967
15.855856 -0.780990
15.885886 -0.800241
15.915916 -0.818701
15.945946 -0.836351
15.975976 -0.853174
16.006006 -0.869153
16.036036 -0.884273
16.066066 -0.898518
16.096096 -0.911875
16.126126 -0.924330
16.156156 -0.935871
16.186186 -0.946487
16.216216 -0.956167
16.246246 -0.964901
16.276276 -0.972681
16.306306 -0.979499
16.336336 -0.985349
16.366366 -0.990224
16.396396 -0.994120
16.426426 -0.997033
16.456456 -0.998961
16.486486 -0.999900
16.516517 -0.999850
16.546547 -0.998812
16.576577 -0.996786
16.606607 -0.993775
16.636637 -0.989781
16.666667 -0.984808
16.696697 -0.978861
16.726727 -0.971946
16.756757 -0.964070
16.786787 -0.955241
16.816817 -0.945467
16.846847 -0.934759
16.876877 -0.923126
16.906907 -0.910580
16.936937 -0.897133
16.966967 -0.882800
16.996997 -0.867593
17.027027 -0.851529
17.057057 -0.834623
17.087087 -0.816891
17.117117 -0.798352
17.147147 -0.779023
17.177177 -0.758923
17.207207 -0.738074
17.237237 -0.716494
17.267267 -0.694206
17.297297 -0.671231
17.327327 -0.647593
17.357357 -0.623314
17.387387 -0.598419
17.417417 -0.572932
17.447447 -0.546879
17.477477 -0.520285
17.507508 -0.493176
17.537538 -0.465580
17.567568 -0.437523
17.597598 -0.409034
17.627628 -0.380140
17.657658 -0.350870
17.687688 -0.321253
17.717718 -0.291319
17.747748 -0.261097
17.777778 -0.230616
17.807808 -0.199907
17.837838 -0.169001
17.867868 -0.137927
17.897898 -0.106717
17.927928 -0.075402
17.957958 -0.044012
17.987988 -0.012579
18.018018 0.018867
18.048048 0.050295
18.078078 0.081672
18.108108 0.112969
18.138138 0.144154
18.168168 0.175196
18.198198 0.206066
18.228228 0.236731
18.258258 0.267163
18.288288 0.297330
18.318318 0.327203
18.348348 0.356753
18.378378 0.385950
18.408408 0.414765
18.438438 0.443170
18.468468 0.471137
18.498498 0.498638
18.528529 0.525646
18.558559 0.552134
18.588589 0.578076
18.618619 0.603446
18.648649 0.628220
18.678679 0.652373
18.708709 0.675880
18.738739 0.698719
18.768769 0.720867
18.798799 0.742303
18.828829 0.763004
18.858859 0.782951
18.888889 0.802123
18.918919 0.820503
18.948949 0.838071
18.978979 0.854810
19.009009 0.870704
19.039039 0.885737
19.069069 0.899894
19.099099 0.913161
19.129129 0.925526
19.159159 0.936975
19.189189 0.947497
19.219219 0.957083
19.249249 0.965722
19.279279 0.973406
19.309309 0.980128
19.339339 0.985880
19.369369 0.990658
19.399399 0.994456
19.429429 0.997271
19.459459 0.999099
19.489489 0.999939
19.519520 0.999791
19.549550 0.998654
19.579580 0.996530
19.609610 0.993420
19.639640 0.989327
19.669670 0.984257
19.699700 0.978213
19.729730 0.971202
19.759760 0.963230
19.789790 0.954306
19.819820 0.944438
19.849850 0.933637
19.879880 0.921912
19.909910 0.909275
19.939940 0.895740
19.969970 0.881318
20.000000 0.866025
20.030030 0.849876
20.060060 0.832886
20.090090 0.815073
20.120120 0.796454
20.150150 0.777047
20.180180 0.756872
20.210210 0.735948
20.240240 0.714297
20.270270 0.691939
20.300300 0.668897
20.330330 0.645193
20.360360 0.620852
20.390390 0.595897
20.420420 0.570352
20.450450 0.544243
20.480480 0.517597
20.510511 0.490438
20.540541 0.462794
20.570571 0.434693
20.600601 0.406162
20.630631 0.377229
20.660661 0.347924
20.690691 0.318274
20.720721 0.288309
20.750751 0.258060
20.780781 0.227555
20.810811 0.196825
20.840841 0.165900
20.870871 0.134812
20.900901 0.103590
20.930931 0.072266
20.960961 0.040870
20.990991 0.009434
21.021021 -0.022011
21.051051 -0.053435
21.081081 -0.084806
21.111111 -0.116093
21.141141 -0.147265
21.171171 -0.178292
21.201201 -0.209142
21.231231 -0.239785
21.261261 -0.270192
21.291291 -0.300331
21.321321 -0.330173
21.351351 -0.359689
21.381381 -0.388849
21.411411 -0.417624
21.441441 -0.445987
21.471471 -0.473908
21.501502 -0.501361
21.531532 -0.528318
21.561562 -0.554753
21.591592 -0.580639
21.621622 -0.605951
21.651652 -0.630664
21.681682 -0.654753
21.711712 -0.678194
21.741742 -0.700965
21.771772 -0.723043
21.801802 -0.744406
21.831832 -0.765033
21.861862 -0.784903
21.891892 -0.803997
21.921922 -0.822296
21.951952 -0.839782
21.981982 -0.856438
22.012012 -0.872246
22.042042 -0.887192
22.072072 -0.901261
22.102102 -0.914439
22.132132 -0.926712
22.162162 -0.938069
22.192192 -0.948498
22.222222 -0.957990
22.252252 -0.966534
22.282282 -0.974122
22.312312 -0.980747
22.342342 -0.986402
22.372372 -0.991082
22.402402 -0.994782
22.432432 -0.997498
22.462462 -0.999227
22.492492 -0.999969
22.522523 -0.999722
22.552553 -0.998486
22.582583 -0.996263
22.612613 -0.993055
22.642643 -0.988864
22.672673 -0.983696
22.702703 -0.977555
22.732733 -0.970448
22.762763 -0.962381
22.792793 -0.953362
22.822823 -0.943400
22.852853 -0.932506
22.882883 -0.920689
22.912913 -0.907962
22.942943 -0.894337
22.972973 -0.879828
23.003003 -0.864449
23.033033 -0.848215
23.063063 -0.831142
23.093093 -0.813247
23.123123 -0.794548
23.153153 -0.775064
23.183183 -0.754813
23.213213 -0.733815
23.243243 -0.712092
23.273273 -0.689665
23.303303 -0.666556
23.333333 -0.642788
23.363363 -0.618384
23.393393 -0.593368
23.423423 -0.567766
23.453453 -0.541602
23.483483 -0.514903
23.513514 -0.487695
23.543544 -0.460004
23.573574 -0.431859
23.603604 -0.403286
23.633634 -0.374315
23.663664 -0.344974
23.693694 -0.315291
23.723724 -0.285297
23.753754 -0.255020
23.783784 -0.224491
23.813814 -0.193741
23.843844 -0.162799
23.873874 -0.131695
23.903904 -0.100462
23.933934 -0.069129
23.963964 -0.037728
23.993994 -0.006289
24.024024 0.025155
24.054054 0.056575
24.084084 0.087939
24.114114 0.119216
24.144144 0.150375
24.174174 0.181385
24.204204 0.212216
24.234234 0.242837
24.264264 0.273218
24.294294 0.303329
24.324324 0.333140
24.354354 0.362621
24.384384 0.391744
24.414414 0.420480
24.444444 0.448799
24.474474 0.476675
24.504505 0.504080
24.534535 0.530986
24.564565 0.557367
24.594595 0.583196
24.624625 0.608450
24.654655 0.633101
24.684685 0.657126
24.714715 0.680502
24.744745 0.703205
24.774775 0.725212
24.804805 0.746502
24.834835 0.767054
24.864865 0.786848
24.894895 0.805863
24.924925 0.824082
24.954955 0.841485
24.984985 0.858057
25.015015 0.873780
25.045045 0.888639
25.075075 0.902619
25.105105 0.915707
25.135135 0.927889
25.165165 0.939154
25.195195 0.949490
25.225225 0.958887
25.255255 0.967336
25.285285 0.974828
25.315315 0.981356
25.345345 0.986914
25.375375 0.991496
25.405405 0.995098
25.435435 0.997715
25.465465 0.999346
25.495495 0.999989
25.525526 0.999643
25.555556 0.998308
25.585586 0.995986
25.615616 0.992680
25.645646 0.988391
25.675676 0.983126
25.705706 0.976888
25.735736 0.969684
25.765766 0.961521
25.795796 0.952408
25.825826 0.942352
25.855856 0.931365
25.885886 0.919457
25.915916 0.906640
25.945946 0.892926
25.975976 0.878329
26.006006 0.862864
26.036036 0.846545
26.066066 0.829389
26.096096 0.811413
26.126126 0.792635
26.156156 0.773073
26.186186 0.752746
26.216216 0.731675
26.246246 0.709881
26.276276 0.687384
26.306306 0.664208
26.336336 0.640375
26.366366 0.615909
26.396396 0.590834
26.426426 0.565175
26.456456 0.538956
26.486486 0.512205
26.516517 0.484947
26.546547 0.457210
26.576577 0.429020
26.606607 0.400407
26.636637 0.371397
26.666667 0.342020
26.696697 0.312305
26.726727 0.282281
26.756757 0.251978
26.786787 0.221426
26.816817 0.190655
26.846847 0.159695
26.876877 0.128577
26.906907 0.097333
26.936937 0.065991
26.966967 0.034585
26.996997 0.003145
27.027027 -0.028299
27.057057 -0.059714
27.087087 -0.091071
27.117117 -0.122338
27.147147 -0.153483
27.177177 -0.184477
27.207207 -0.215288
27.237237 -0.245887
27.267267 -0.276242
27.297297 -0.306324
27.327327 -0.336103
27.357357 -0.365550
27.387387 -0.394636
27.417417 -0.423331
27.447447 -0.451607
27.477477 -0.479437
27.507508 -0.506793
27.537538 -0.533648
27.567568 -0.559975
27.597598 -0.585748
27.627628 -0.610942
27.657658 -0.635532
27.687688 -0.659494
27.717718 -0.682803
27.747748 -0.705437
27.777778 -0.727374
27.807808 -0.748591
27.837838 -0.769068
27.867868 -0.788785
27.897898 -0.807721
27.927928 -0.825859
27.957958 -0.843180
27.987988 -0.859668
28.018018 -0.875305
28.048048 -0.890077
28.078078 -0.903968
28.108108 -0.916966
28.138138 -0.929057
28.168168 -0.940229
28.198198 -0.950472
28.228228 -0.959774
28.258258 -0.968128
28.288288 -0.975524
28.318318 -0.981956
28.348348 -0.987416
28.378378 -0.991900
28.408408 -0.995404
28.438438 -0.997923
28.468468 -0.999455
28.498498 -0.999999
28.528529 -0.999554
28.558559 -0.998120
28.588589 -0.995700
28.618619 -0.992295
28.648649 -0.987909
28.678679 -0.982546
28.708709 -0.976211
28.738739 -0.968911
28.768769 -0.960653
28.798799 -0.951444
28.828829 -0.941296
28.858859 -0.930216
28.888889 -0.918216
28.918919 -0.905308
28.948949 -0.891506
28.978979 -0.876821
29.009009 -0.861270
29.039039 -0.844867
29.069069 -0.827628
29.099099 -0.809571
29.129129 -0.790714
29.159159 -0.771074
29.189189 -0.750672
29.219219 -0.729528
29.249249 -0.707662
29.279279 -0.685097
29.309309 -0.661854
29.339339 -0.637957
29.369369 -0.613429
29.399399 -0.588294
29.429429 -0.562577
29.459459 -0.536305
29.489489 -0.509502
29.519520 -0.482195
29.549550 -0.454411
29.579580 -0.426178
29.609610 -0.397523
29.639640 -0.368475
29.669670 -0.339063
29.699700 -0.309316
29.729730 -0.279263
29.759760 -0.248934
29.789790 -0.218358
29.819820 -0.187567
29.849850 -0.156590
29.879880 -0.125458
29.909910 -0.094202
29.939940 -0.062853
29.969970 -0.031442
30.000000 -0.000000
